606060405260078054600160a060020a03191633179055610a26806100246000396000f3606060405260e060020a60003504631437f9a3811461003c5780632c329e991461015d5780636673ce2b1461024d578063db641ab4146102e0575b005b61003a600435600b805474ff00000000000000000000000000000000000000001916905561ffff8116600655346104c9600b805473ffffffffffffffffffffffffffffffffffffffff1916331790556000600160a060020a0330163134600802111561061d5760408051606081018252602981527f426574206973206c6172676572207468616e2067616d65732773206162696c6960208281019182527f747920746f207061790000000000000000000000000000000000000000000000938301939093526009805481865260538255909360026001831615610100026000190190921691909104601f0104600080516020610a06833981519152908101926049015b828111156106a557825182600050559160200191906001019061013f565b60408051602081810183526000909152600a546002548351606081018552603e81527f626c6f636b74696d652069732074686520756e69782074696d657374616d7020938101939093527f6f662074686520626c6f636b207768657265207468652062657420776173000093830193909352919060405180848152602001838152602001806020018281038252838181518152602001915080519060200190808383829060006004602084601f0104600f02600301f150905090810190601f16801561023d5780820380516001836020036101000a031916815260200191505b5094505050505060405180910390f35b6103d76040805160208181018352600080835283518083018552818152600b5460065460055460098054895160026000196001841615610100020190921691909104601f8101899004890282018901909a5289815297989297600160a060020a0394909416969195949392909183018282801561055d5780601f106105325761010080835404028352916020019161055d565b604080516020818101835260009091528151606081018352602481527f47616d652062616c616e63652069732073686f776e20696e2066756c6c204574918101919091527f686572730000000000000000000000000000000000000000000000000000000091810191909152670de0b6b3a764000030600160a060020a031631049060405180838152602001806020018281038252838181518152602001915080519060200190808383829060006004602084601f0104600f02600301f150905090810190601f1680156103c85780820380516001836020036101000a031916815260200191505b50935050505060405180910390f35b604051808060200187815260200186600160a060020a03168152602001858152602001848152602001806020018381038352898181518152602001915080519060200190808383829060006004602084601f0104600f02600301f150905090810190601f16801561045c5780820380516001836020036101000a031916815260200191505b508381038252848181518152602001915080519060200190808383829060006004602084601f0104600f02600301f150905090810190601f1680156104b55780820380516001836020036101000a031916815260200191505b509850505050505050505060405180910390f35b600b5461052e9060a060020a900460ff16826001821480156104fd57506802b5e3af16b188000030600160a060020a031631115b156109a057604051600754600160a060020a0316906000906001608060020a0384169082818181858883f150505050505b5050565b820191906000526020600020905b81548152906001019060200180831161054057829003601f168201915b50506008546040805160a081018252607981527f546865207269676874206c6f7474657279206e756d626572206973207468652060208201527f6c61737420636861726163746572206f662074686520626c6f636b74696d6520918101919091527f6f662074686520626c6f636b20696e207768696368207468652062657420776160608201527f732e204f6e65204574682069732031302a2a3138205765692e000000000000006080820152949a509550929350505050909192939495565b34600014156106f25760408051808201909152600e81527f576167657220776173207a65726f0000000000000000000000000000000000006020918201908152600980546000829052915160ff1916601c1781559161074a9160026001821615610100026000190190911604601f0104600080516020610a06833981519152908101906106ad565b506106c19291505b808211156106ee57600081556001016106ad565b50506000600881905560405133600160a060020a03169190349082818181858883f193505050505061099d565b5090565b50426002819055600a808204600381905581026004819055909103600555439055600654349061270f1480156107375750600754600160a060020a0390811633909116145b1561075657600754600160a060020a0316ff5b5050600060085561099d565b60065460099011156107e15760408051808201909152601c81527f67697665206120636861726163746572206265747765656e20302d39000000006020918201908152600980546000829052915160ff191660381781559161087e9160026001821615610100026000190190911604601f0104600080516020610a06833981519152908101906106ad565b600554600654146108a6576001608060020a038116600019908102600890815560408051808201909152600481527f4c6f7373000000000000000000000000000000000000000000000000000000006020918201908152600980546000829052915160ff1916909317835591926109439260026001821615610100029092011604601f0104600080516020610a06833981519152908101906106ad565b505060405133600160a060020a031690600090349082818181858883f193505050505061099d565b600554600654141561099d5760088181026001608060020a0316815560408051808201909152600481527f57696e21000000000000000000000000000000000000000000000000000000006020918201908152600980546000829052915160ff1916909317835561096e9160026001831615610100026000190190921691909104601f0104600080516020610a06833981519152908101906106ad565b5050600b805474ff0000000000000000000000000000000000000000191660a060020a17905561099d565b505060405133600160a060020a031690600090600884026001608060020a03169082818181858883f150505050505b50565b8160ff1660011480156109c557506801158e460913d0000030600160a060020a031631115b1561052e57600754604051600160a060020a03919091169060009060026001608060020a0385811691909104169082818181858883f193505050505061052e566e1540171b6c0c960b71a7020d9f60077f6af931a8bbf590da0223dacf75c7af,606060405260e060020a60003504631437f9a3811461003c5780632c329e991461015d5780636673ce2b1461024d578063db641ab4146102e0575b005b61003a600435600b805474ff00000000000000000000000000000000000000001916905561ffff8116600655346104c9600b805473ffffffffffffffffffffffffffffffffffffffff1916331790556000600160a060020a0330163134600802111561061d5760408051606081018252602981527f426574206973206c6172676572207468616e2067616d65732773206162696c6960208281019182527f747920746f207061790000000000000000000000000000000000000000000000938301939093526009805481865260538255909360026001831615610100026000190190921691909104601f0104600080516020610a06833981519152908101926049015b828111156106a557825182600050559160200191906001019061013f565b60408051602081810183526000909152600a546002548351606081018552603e81527f626c6f636b74696d652069732074686520756e69782074696d657374616d7020938101939093527f6f662074686520626c6f636b207768657265207468652062657420776173000093830193909352919060405180848152602001838152602001806020018281038252838181518152602001915080519060200190808383829060006004602084601f0104600f02600301f150905090810190601f16801561023d5780820380516001836020036101000a031916815260200191505b5094505050505060405180910390f35b6103d76040805160208181018352600080835283518083018552818152600b5460065460055460098054895160026000196001841615610100020190921691909104601f8101899004890282018901909a5289815297989297600160a060020a0394909416969195949392909183018282801561055d5780601f106105325761010080835404028352916020019161055d565b604080516020818101835260009091528151606081018352602481527f47616d652062616c616e63652069732073686f776e20696e2066756c6c204574918101919091527f686572730000000000000000000000000000000000000000000000000000000091810191909152670de0b6b3a764000030600160a060020a031631049060405180838152602001806020018281038252838181518152602001915080519060200190808383829060006004602084601f0104600f02600301f150905090810190601f1680156103c85780820380516001836020036101000a031916815260200191505b50935050505060405180910390f35b604051808060200187815260200186600160a060020a03168152602001858152602001848152602001806020018381038352898181518152602001915080519060200190808383829060006004602084601f0104600f02600301f150905090810190601f16801561045c5780820380516001836020036101000a031916815260200191505b508381038252848181518152602001915080519060200190808383829060006004602084601f0104600f02600301f150905090810190601f1680156104b55780820380516001836020036101000a031916815260200191505b509850505050505050505060405180910390f35b600b5461052e9060a060020a900460ff16826001821480156104fd57506802b5e3af16b188000030600160a060020a031631115b156109a057604051600754600160a060020a0316906000906001608060020a0384169082818181858883f150505050505b5050565b820191906000526020600020905b81548152906001019060200180831161054057829003601f168201915b50506008546040805160a081018252607981527f546865207269676874206c6f7474657279206e756d626572206973207468652060208201527f6c61737420636861726163746572206f662074686520626c6f636b74696d6520918101919091527f6f662074686520626c6f636b20696e207768696368207468652062657420776160608201527f732e204f6e65204574682069732031302a2a3138205765692e000000000000006080820152949a509550929350505050909192939495565b34600014156106f25760408051808201909152600e81527f576167657220776173207a65726f0000000000000000000000000000000000006020918201908152600980546000829052915160ff1916601c1781559161074a9160026001821615610100026000190190911604601f0104600080516020610a06833981519152908101906106ad565b506106c19291505b808211156106ee57600081556001016106ad565b50506000600881905560405133600160a060020a03169190349082818181858883f193505050505061099d565b5090565b50426002819055600a808204600381905581026004819055909103600555439055600654349061270f1480156107375750600754600160a060020a0390811633909116145b1561075657600754600160a060020a0316ff5b5050600060085561099d565b60065460099011156107e15760408051808201909152601c81527f67697665206120636861726163746572206265747765656e20302d39000000006020918201908152600980546000829052915160ff191660381781559161087e9160026001821615610100026000190190911604601f0104600080516020610a06833981519152908101906106ad565b600554600654146108a6576001608060020a038116600019908102600890815560408051808201909152600481527f4c6f7373000000000000000000000000000000000000000000000000000000006020918201908152600980546000829052915160ff1916909317835591926109439260026001821615610100029092011604601f0104600080516020610a06833981519152908101906106ad565b505060405133600160a060020a031690600090349082818181858883f193505050505061099d565b600554600654141561099d5760088181026001608060020a0316815560408051808201909152600481527f57696e21000000000000000000000000000000000000000000000000000000006020918201908152600980546000829052915160ff1916909317835561096e9160026001831615610100026000190190921691909104601f0104600080516020610a06833981519152908101906106ad565b5050600b805474ff0000000000000000000000000000000000000000191660a060020a17905561099d565b505060405133600160a060020a031690600090600884026001608060020a03169082818181858883f150505050505b50565b8160ff1660011480156109c557506801158e460913d0000030600160a060020a031631115b1561052e57600754604051600160a060020a03919091169060009060026001608060020a0385811691909104169082818181858883f193505050505061052e566e1540171b6c0c960b71a7020d9f60077f6af931a8bbf590da0223dacf75c7af
