608060405260018054600160a060020a03191633600160a060020a03161790556c01431e0fae6d7217caa000000060058190556a084595161401484a00000060065568d8d726b7177a800000600755600060088190556200006f9190640100000000620000d8810262000fd21704565b600955600a805460ff191690553480156200008957600080fd5b5060018054600160a060020a03191633600160a060020a0390811691909117918290556b204fce5e3e2502611000000091620000d0911682640100000000620000eb810204565b505062000222565b600082821115620000e557fe5b50900390565b600a5460009060ff1615620000ff57600080fd5b6008546200011c908364010000000062000fc56200020e82021704565b6008556009546200013c908364010000000062000fd2620000d882021704565b600955600160a060020a03831660009081526002602052604090205462000172908364010000000062000fc56200020e82021704565b600160a060020a038416600081815260026020908152604091829020939093558051858152905191927f8940c4b8e215f8822c5c8f0056c12652c746cbc57eedbd2a440b175971d47a7792918290030190a2604080518381529051600160a060020a038516916000917fddf252ad1be2c89b69c2b068fc378daa952ba7f163c4a11628f55a4df523b3ef9181900360200190a350600192915050565b818101828110156200021c57fe5b92915050565b61101080620002326000396000f3006080604052600436106101195763ffffffff60e060020a60003504166306fdde0381146101d4578063095ea7b31461025e57806318160ddd146102965780632195845f146102bd57806323b872dd146102de578063313ce567146103085780633ccfd60b1461031d57806342966c681461033457806368f8fc101461034c57806370a08231146103705780638a56f3ee1461039157806395d89b41146103b55780639b1cbccc146103ca578063a9059cbb146103df578063c108d54214610403578063c489744b14610418578063cbcb2e231461043f578063d207b7aa14610454578063d8a5436014610469578063dd62ed3e1461047e578063efca2eed146104a5578063f2fde38b146104ba578063f9f92be4146104db575b333460008115156101bc57600954600754111561013557600080fd5b600160a060020a03831660009081526004602052604090205460ff161561015b57600080fd5b5060075461016983826104fc565b50600160a060020a0383166000908152600460205260409020805460ff191660011790556007546101b890620f423f906101ac90620f424063ffffffff61060116565b9063ffffffff61061616565b6007555b60008211156101cf576101cf838361063f565b505050005b3480156101e057600080fd5b506101e9610725565b6040805160208082528351818301528351919283929083019185019080838360005b8381101561022357818101518382015260200161020b565b50505050905090810190601f1680156102505780820380516001836020036101000a031916815260200191505b509250505060405180910390f35b34801561026a57600080fd5b50610282600160a060020a036004351660243561075c565b604080519115158252519081900360200190f35b3480156102a257600080fd5b506102ab610804565b60408051918252519081900360200190f35b3480156102c957600080fd5b50610282600160a060020a036004351661080a565b3480156102ea57600080fd5b50610282600160a060020a036004358116906024351660443561095c565b34801561031457600080fd5b506102ab610aec565b34801561032957600080fd5b50610332610af1565b005b34801561034057600080fd5b50610332600435610b58565b34801561035857600080fd5b50610332600160a060020a036004351660243561063f565b34801561037c57600080fd5b506102ab600160a060020a0360043516610c48565b34801561039d57600080fd5b50610332600435600160a060020a0360243516610c63565b3480156103c157600080fd5b506101e9610ccc565b3480156103d657600080fd5b50610282610d03565b3480156103eb57600080fd5b50610282600160a060020a0360043516602435610d6d565b34801561040f57600080fd5b50610282610e76565b34801561042457600080fd5b506102ab600160a060020a0360043581169060243516610e7f565b34801561044b57600080fd5b506102ab610f17565b34801561046057600080fd5b506102ab610f1d565b34801561047557600080fd5b506102ab610f23565b34801561048a57600080fd5b506102ab600160a060020a0360043581169060243516610f29565b3480156104b157600080fd5b506102ab610f54565b3480156104c657600080fd5b50610332600160a060020a0360043516610f5a565b3480156104e757600080fd5b50610282600160a060020a0360043516610fb0565b600a5460009060ff161561050f57600080fd5b600854610522908363ffffffff610fc516565b600855600954610538908363ffffffff610fd216565b600955600160a060020a038316600090815260026020526040902054610564908363ffffffff610fc516565b600160a060020a038416600081815260026020908152604091829020939093558051858152905191927f8940c4b8e215f8822c5c8f0056c12652c746cbc57eedbd2a440b175971d47a7792918290030190a2604080518381529051600160a060020a038516916000917fddf252ad1be2c89b69c2b068fc378daa952ba7f163c4a11628f55a4df523b3ef9181900360200190a35060015b92915050565b6000818381151561060e57fe5b049392505050565b6000821515610627575060006105fb565b5081810281838281151561063757fe5b04146105fb57fe5b600a54600090819060ff161561065457600080fd5b600654670de0b6b3a764000090610671908563ffffffff61061616565b81151561067a57fe5b04915060009050662386f26fc10000831015801561069f575067016345785d8a000083105b156106ad57506064600a8202045b67016345785d8a000083101580156106cc5750670de0b6b3a764000083105b156106da5750606460148202045b670de0b6b3a764000083106106f257506064601e8202045b610702828263ffffffff610fc516565b60095490925082111561071457600080fd5b61071e84836104fc565b5050505050565b60408051808201909152600981527f426974636f696e20580000000000000000000000000000000000000000000000602082015281565b600081158015906107915750600160a060020a0333811660009081526003602090815260408083209387168352929052205415155b1561079e575060006105fb565b600160a060020a03338116600081815260036020908152604080832094881680845294825291829020869055815186815291517f8c5be1e5ebec7d5bd14f71427d1e84f3dd0314c0f7b2291e5b200ac8c7c3b9259281900390910190a350600192915050565b60055481565b6001546000908190819033600160a060020a0390811691161461082c57600080fd5b83915081600160a060020a03166370a08231306040518263ffffffff1660e060020a0281526004018082600160a060020a0316600160a060020a03168152602001915050602060405180830381600087803b15801561088a57600080fd5b505af115801561089e573d6000803e3d6000fd5b505050506040513d60208110156108b457600080fd5b5051600154604080517fa9059cbb000000000000000000000000000000000000000000000000000000008152600160a060020a0392831660048201526024810184905290519293509084169163a9059cbb916044808201926020929091908290030181600087803b15801561092857600080fd5b505af115801561093c573d6000803e3d6000fd5b505050506040513d602081101561095257600080fd5b5051949350505050565b60006060606436101561096b57fe5b600160a060020a038416151561098057600080fd5b600160a060020a0385166000908152600260205260409020548311156109a557600080fd5b600160a060020a03808616600090815260036020908152604080832033909416835292905220548311156109d857600080fd5b600160a060020a038516600090815260026020526040902054610a01908463ffffffff610fd216565b600160a060020a0380871660009081526002602090815260408083209490945560038152838220339093168252919091522054610a44908463ffffffff610fd216565b600160a060020a0380871660009081526003602090815260408083203385168452825280832094909455918716815260029091522054610a8a908463ffffffff610fc516565b600160a060020a0380861660008181526002602090815260409182902094909455805187815290519193928916927fddf252ad1be2c89b69c2b068fc378daa952ba7f163c4a11628f55a4df523b3ef92918290030190a3506001949350505050565b601281565b600154600090819033600160a060020a03908116911614610b1157600080fd5b50506001546040513091600160a060020a03808416319291169082156108fc029083906000818181858888f19350505050158015610b53573d6000803e3d6000fd5b505050565b60015460009033600160a060020a03908116911614610b7657600080fd5b600160a060020a033316600090815260026020526040902054821115610b9b57600080fd5b5033600160a060020a038116600090815260026020526040902054610bc09083610fd2565b600160a060020a038216600090815260026020526040902055600554610bec908363ffffffff610fd216565b600555600854610c02908363ffffffff610fd216565b600855604080518381529051600160a060020a038316917fcc16f5dbb4873280815c1ee09dbd06736cffcc184412cf7a71a0fdb75d397ca5919081900360200190a25050565b600160a060020a031660009081526002602052604090205490565b60015433600160a060020a03908116911614610c7e57600080fd5b600160a060020a038116600090815260026020526040902054821115610ca357600080fd5b600160a060020a038116600090815260026020526040902054610bc0908363ffffffff610fd216565b60408051808201909152600381527f4254580000000000000000000000000000000000000000000000000000000000602082015281565b60015460009033600160a060020a03908116911614610d2157600080fd5b600a5460ff1615610d3157600080fd5b600a805460ff191660011790556040517f7f95d919e78bdebe8a285e6e33357c2fcb65ccf66e72d7573f9f8f6caad0c4cc90600090a150600190565b600060406044361015610d7c57fe5b600160a060020a0384161515610d9157600080fd5b600160a060020a033316600090815260026020526040902054831115610db657600080fd5b600160a060020a033316600090815260026020526040902054610ddf908463ffffffff610fd216565b600160a060020a033381166000908152600260205260408082209390935590861681522054610e14908463ffffffff610fc516565b600160a060020a038086166000818152600260209081526040918290209490945580518781529051919333909316927fddf252ad1be2c89b69c2b068fc378daa952ba7f163c4a11628f55a4df523b3ef92918290030190a35060019392505050565b600a5460ff1681565b600080600084915081600160a060020a03166370a08231856040518263ffffffff1660e060020a0281526004018082600160a060020a0316600160a060020a03168152602001915050602060405180830381600087803b158015610ee257600080fd5b505af1158015610ef6573d6000803e3d6000fd5b505050506040513d6020811015610f0c57600080fd5b505195945050505050565b60075481565b60065481565b60095481565b600160a060020a03918216600090815260036020908152604080832093909416825291909152205490565b60085481565b60015433600160a060020a03908116911614610f7557600080fd5b600160a060020a03811615610fad576001805473ffffffffffffffffffffffffffffffffffffffff1916600160a060020a0383161790555b50565b60046020526000908152604090205460ff1681565b818101828110156105fb57fe5b600082821115610fde57fe5b509003905600a165627a7a72305820e771d9ec51836eb56b5e1f4c8385a0c10f0282322e8c52267844b92b39b19d6c0029,6080604052600436106101195763ffffffff60e060020a60003504166306fdde0381146101d4578063095ea7b31461025e57806318160ddd146102965780632195845f146102bd57806323b872dd146102de578063313ce567146103085780633ccfd60b1461031d57806342966c681461033457806368f8fc101461034c57806370a08231146103705780638a56f3ee1461039157806395d89b41146103b55780639b1cbccc146103ca578063a9059cbb146103df578063c108d54214610403578063c489744b14610418578063cbcb2e231461043f578063d207b7aa14610454578063d8a5436014610469578063dd62ed3e1461047e578063efca2eed146104a5578063f2fde38b146104ba578063f9f92be4146104db575b333460008115156101bc57600954600754111561013557600080fd5b600160a060020a03831660009081526004602052604090205460ff161561015b57600080fd5b5060075461016983826104fc565b50600160a060020a0383166000908152600460205260409020805460ff191660011790556007546101b890620f423f906101ac90620f424063ffffffff61060116565b9063ffffffff61061616565b6007555b60008211156101cf576101cf838361063f565b505050005b3480156101e057600080fd5b506101e9610725565b6040805160208082528351818301528351919283929083019185019080838360005b8381101561022357818101518382015260200161020b565b50505050905090810190601f1680156102505780820380516001836020036101000a031916815260200191505b509250505060405180910390f35b34801561026a57600080fd5b50610282600160a060020a036004351660243561075c565b604080519115158252519081900360200190f35b3480156102a257600080fd5b506102ab610804565b60408051918252519081900360200190f35b3480156102c957600080fd5b50610282600160a060020a036004351661080a565b3480156102ea57600080fd5b50610282600160a060020a036004358116906024351660443561095c565b34801561031457600080fd5b506102ab610aec565b34801561032957600080fd5b50610332610af1565b005b34801561034057600080fd5b50610332600435610b58565b34801561035857600080fd5b50610332600160a060020a036004351660243561063f565b34801561037c57600080fd5b506102ab600160a060020a0360043516610c48565b34801561039d57600080fd5b50610332600435600160a060020a0360243516610c63565b3480156103c157600080fd5b506101e9610ccc565b3480156103d657600080fd5b50610282610d03565b3480156103eb57600080fd5b50610282600160a060020a0360043516602435610d6d565b34801561040f57600080fd5b50610282610e76565b34801561042457600080fd5b506102ab600160a060020a0360043581169060243516610e7f565b34801561044b57600080fd5b506102ab610f17565b34801561046057600080fd5b506102ab610f1d565b34801561047557600080fd5b506102ab610f23565b34801561048a57600080fd5b506102ab600160a060020a0360043581169060243516610f29565b3480156104b157600080fd5b506102ab610f54565b3480156104c657600080fd5b50610332600160a060020a0360043516610f5a565b3480156104e757600080fd5b50610282600160a060020a0360043516610fb0565b600a5460009060ff161561050f57600080fd5b600854610522908363ffffffff610fc516565b600855600954610538908363ffffffff610fd216565b600955600160a060020a038316600090815260026020526040902054610564908363ffffffff610fc516565b600160a060020a038416600081815260026020908152604091829020939093558051858152905191927f8940c4b8e215f8822c5c8f0056c12652c746cbc57eedbd2a440b175971d47a7792918290030190a2604080518381529051600160a060020a038516916000917fddf252ad1be2c89b69c2b068fc378daa952ba7f163c4a11628f55a4df523b3ef9181900360200190a35060015b92915050565b6000818381151561060e57fe5b049392505050565b6000821515610627575060006105fb565b5081810281838281151561063757fe5b04146105fb57fe5b600a54600090819060ff161561065457600080fd5b600654670de0b6b3a764000090610671908563ffffffff61061616565b81151561067a57fe5b04915060009050662386f26fc10000831015801561069f575067016345785d8a000083105b156106ad57506064600a8202045b67016345785d8a000083101580156106cc5750670de0b6b3a764000083105b156106da5750606460148202045b670de0b6b3a764000083106106f257506064601e8202045b610702828263ffffffff610fc516565b60095490925082111561071457600080fd5b61071e84836104fc565b5050505050565b60408051808201909152600981527f426974636f696e20580000000000000000000000000000000000000000000000602082015281565b600081158015906107915750600160a060020a0333811660009081526003602090815260408083209387168352929052205415155b1561079e575060006105fb565b600160a060020a03338116600081815260036020908152604080832094881680845294825291829020869055815186815291517f8c5be1e5ebec7d5bd14f71427d1e84f3dd0314c0f7b2291e5b200ac8c7c3b9259281900390910190a350600192915050565b60055481565b6001546000908190819033600160a060020a0390811691161461082c57600080fd5b83915081600160a060020a03166370a08231306040518263ffffffff1660e060020a0281526004018082600160a060020a0316600160a060020a03168152602001915050602060405180830381600087803b15801561088a57600080fd5b505af115801561089e573d6000803e3d6000fd5b505050506040513d60208110156108b457600080fd5b5051600154604080517fa9059cbb000000000000000000000000000000000000000000000000000000008152600160a060020a0392831660048201526024810184905290519293509084169163a9059cbb916044808201926020929091908290030181600087803b15801561092857600080fd5b505af115801561093c573d6000803e3d6000fd5b505050506040513d602081101561095257600080fd5b5051949350505050565b60006060606436101561096b57fe5b600160a060020a038416151561098057600080fd5b600160a060020a0385166000908152600260205260409020548311156109a557600080fd5b600160a060020a03808616600090815260036020908152604080832033909416835292905220548311156109d857600080fd5b600160a060020a038516600090815260026020526040902054610a01908463ffffffff610fd216565b600160a060020a0380871660009081526002602090815260408083209490945560038152838220339093168252919091522054610a44908463ffffffff610fd216565b600160a060020a0380871660009081526003602090815260408083203385168452825280832094909455918716815260029091522054610a8a908463ffffffff610fc516565b600160a060020a0380861660008181526002602090815260409182902094909455805187815290519193928916927fddf252ad1be2c89b69c2b068fc378daa952ba7f163c4a11628f55a4df523b3ef92918290030190a3506001949350505050565b601281565b600154600090819033600160a060020a03908116911614610b1157600080fd5b50506001546040513091600160a060020a03808416319291169082156108fc029083906000818181858888f19350505050158015610b53573d6000803e3d6000fd5b505050565b60015460009033600160a060020a03908116911614610b7657600080fd5b600160a060020a033316600090815260026020526040902054821115610b9b57600080fd5b5033600160a060020a038116600090815260026020526040902054610bc09083610fd2565b600160a060020a038216600090815260026020526040902055600554610bec908363ffffffff610fd216565b600555600854610c02908363ffffffff610fd216565b600855604080518381529051600160a060020a038316917fcc16f5dbb4873280815c1ee09dbd06736cffcc184412cf7a71a0fdb75d397ca5919081900360200190a25050565b600160a060020a031660009081526002602052604090205490565b60015433600160a060020a03908116911614610c7e57600080fd5b600160a060020a038116600090815260026020526040902054821115610ca357600080fd5b600160a060020a038116600090815260026020526040902054610bc0908363ffffffff610fd216565b60408051808201909152600381527f4254580000000000000000000000000000000000000000000000000000000000602082015281565b60015460009033600160a060020a03908116911614610d2157600080fd5b600a5460ff1615610d3157600080fd5b600a805460ff191660011790556040517f7f95d919e78bdebe8a285e6e33357c2fcb65ccf66e72d7573f9f8f6caad0c4cc90600090a150600190565b600060406044361015610d7c57fe5b600160a060020a0384161515610d9157600080fd5b600160a060020a033316600090815260026020526040902054831115610db657600080fd5b600160a060020a033316600090815260026020526040902054610ddf908463ffffffff610fd216565b600160a060020a033381166000908152600260205260408082209390935590861681522054610e14908463ffffffff610fc516565b600160a060020a038086166000818152600260209081526040918290209490945580518781529051919333909316927fddf252ad1be2c89b69c2b068fc378daa952ba7f163c4a11628f55a4df523b3ef92918290030190a35060019392505050565b600a5460ff1681565b600080600084915081600160a060020a03166370a08231856040518263ffffffff1660e060020a0281526004018082600160a060020a0316600160a060020a03168152602001915050602060405180830381600087803b158015610ee257600080fd5b505af1158015610ef6573d6000803e3d6000fd5b505050506040513d6020811015610f0c57600080fd5b505195945050505050565b60075481565b60065481565b60095481565b600160a060020a03918216600090815260036020908152604080832093909416825291909152205490565b60085481565b60015433600160a060020a03908116911614610f7557600080fd5b600160a060020a03811615610fad576001805473ffffffffffffffffffffffffffffffffffffffff1916600160a060020a0383161790555b50565b60046020526000908152604090205460ff1681565b818101828110156105fb57fe5b600082821115610fde57fe5b509003905600a165627a7a72305820e771d9ec51836eb56b5e1f4c8385a0c10f0282322e8c52267844b92b39b19d6c0029
