60606040526040805190810160405280600481526020017f48312e300000000000000000000000000000000000000000000000000000000081525060069080519060200190620000519291906200017e565b5034156200005e57600080fd5b6b204fce5e3e250261100000006000803373ffffffffffffffffffffffffffffffffffffffff1673ffffffffffffffffffffffffffffffffffffffff168152602001908152602001600020819055506b204fce5e3e250261100000006002819055506040805190810160405280600d81526020017f77656c6c737072696e67e2809d00000000000000000000000000000000000000815250600390805190602001906200010d9291906200017e565b506012600460006101000a81548160ff021916908360ff1602179055506040805190810160405280600481526020017f57454c4c0000000000000000000000000000000000000000000000000000000081525060059080519060200190620001779291906200017e565b506200022d565b828054600181600116156101000203166002900490600052602060002090601f016020900481019282601f10620001c157805160ff1916838001178555620001f2565b82800160010185558215620001f2579182015b82811115620001f1578251825591602001919060010190620001d4565b5b50905062000201919062000205565b5090565b6200022a91905b80821115620002265760008160009055506001016200020c565b5090565b90565b610fa4806200023d6000396000f3006060604052600436106100af576000357c0100000000000000000000000000000000000000000000000000000000900463ffffffff16806306fdde03146100bf578063095ea7b31461014d57806318160ddd146101a757806323b872dd146101d0578063313ce5671461024957806354fd4d501461027857806370a082311461030657806395d89b4114610353578063a9059cbb146103e1578063cae9ca511461043b578063dd62ed3e146104d8575b34156100ba57600080fd5b600080fd5b34156100ca57600080fd5b6100d2610544565b6040518080602001828103825283818151815260200191508051906020019080838360005b838110156101125780820151818401526020810190506100f7565b50505050905090810190601f16801561013f5780820380516001836020036101000a031916815260200191505b509250505060405180910390f35b341561015857600080fd5b61018d600480803573ffffffffffffffffffffffffffffffffffffffff169060200190919080359060200190919050506105e2565b604051808215151515815260200191505060405180910390f35b34156101b257600080fd5b6101ba6106d4565b6040518082815260200191505060405180910390f35b34156101db57600080fd5b61022f600480803573ffffffffffffffffffffffffffffffffffffffff1690602001909190803573ffffffffffffffffffffffffffffffffffffffff169060200190919080359060200190919050506106da565b604051808215151515815260200191505060405180910390f35b341561025457600080fd5b61025c610953565b604051808260ff1660ff16815260200191505060405180910390f35b341561028357600080fd5b61028b610966565b6040518080602001828103825283818151815260200191508051906020019080838360005b838110156102cb5780820151818401526020810190506102b0565b50505050905090810190601f1680156102f85780820380516001836020036101000a031916815260200191505b509250505060405180910390f35b341561031157600080fd5b61033d600480803573ffffffffffffffffffffffffffffffffffffffff16906020019091905050610a04565b6040518082815260200191505060405180910390f35b341561035e57600080fd5b610366610a4c565b6040518080602001828103825283818151815260200191508051906020019080838360005b838110156103a657808201518184015260208101905061038b565b50505050905090810190601f1680156103d35780820380516001836020036101000a031916815260200191505b509250505060405180910390f35b34156103ec57600080fd5b610421600480803573ffffffffffffffffffffffffffffffffffffffff16906020019091908035906020019091905050610aea565b604051808215151515815260200191505060405180910390f35b341561044657600080fd5b6104be600480803573ffffffffffffffffffffffffffffffffffffffff1690602001909190803590602001909190803590602001908201803590602001908080601f01602080910402602001604051908101604052809392919081815260200183838082843782019150505050505091905050610c50565b604051808215151515815260200191505060405180910390f35b34156104e357600080fd5b61052e600480803573ffffffffffffffffffffffffffffffffffffffff1690602001909190803573ffffffffffffffffffffffffffffffffffffffff16906020019091905050610ef1565b6040518082815260200191505060405180910390f35b60038054600181600116156101000203166002900480601f0160208091040260200160405190810160405280929190818152602001828054600181600116156101000203166002900480156105da5780601f106105af576101008083540402835291602001916105da565b820191906000526020600020905b8154815290600101906020018083116105bd57829003601f168201915b505050505081565b600081600160003373ffffffffffffffffffffffffffffffffffffffff1673ffffffffffffffffffffffffffffffffffffffff16815260200190815260200160002060008573ffffffffffffffffffffffffffffffffffffffff1673ffffffffffffffffffffffffffffffffffffffff168152602001908152602001600020819055508273ffffffffffffffffffffffffffffffffffffffff163373ffffffffffffffffffffffffffffffffffffffff167f8c5be1e5ebec7d5bd14f71427d1e84f3dd0314c0f7b2291e5b200ac8c7c3b925846040518082815260200191505060405180910390a36001905092915050565b60025481565b6000816000808673ffffffffffffffffffffffffffffffffffffffff1673ffffffffffffffffffffffffffffffffffffffff16815260200190815260200160002054101580156107a6575081600160008673ffffffffffffffffffffffffffffffffffffffff1673ffffffffffffffffffffffffffffffffffffffff16815260200190815260200160002060003373ffffffffffffffffffffffffffffffffffffffff1673ffffffffffffffffffffffffffffffffffffffff1681526020019081526020016000205410155b80156107b25750600082115b1561094757816000808573ffffffffffffffffffffffffffffffffffffffff1673ffffffffffffffffffffffffffffffffffffffff16815260200190815260200160002060008282540192505081905550816000808673ffffffffffffffffffffffffffffffffffffffff1673ffffffffffffffffffffffffffffffffffffffff1681526020019081526020016000206000828254039250508190555081600160008673ffffffffffffffffffffffffffffffffffffffff1673ffffffffffffffffffffffffffffffffffffffff16815260200190815260200160002060003373ffffffffffffffffffffffffffffffffffffffff1673ffffffffffffffffffffffffffffffffffffffff168152602001908152602001600020600082825403925050819055508273ffffffffffffffffffffffffffffffffffffffff168473ffffffffffffffffffffffffffffffffffffffff167fddf252ad1be2c89b69c2b068fc378daa952ba7f163c4a11628f55a4df523b3ef846040518082815260200191505060405180910390a36001905061094c565b600090505b9392505050565b600460009054906101000a900460ff1681565b60068054600181600116156101000203166002900480601f0160208091040260200160405190810160405280929190818152602001828054600181600116156101000203166002900480156109fc5780601f106109d1576101008083540402835291602001916109fc565b820191906000526020600020905b8154815290600101906020018083116109df57829003601f168201915b505050505081565b60008060008373ffffffffffffffffffffffffffffffffffffffff1673ffffffffffffffffffffffffffffffffffffffff168152602001908152602001600020549050919050565b60058054600181600116156101000203166002900480601f016020809104026020016040519081016040528092919081815260200182805460018160011615610100020316600290048015610ae25780601f10610ab757610100808354040283529160200191610ae2565b820191906000526020600020905b815481529060010190602001808311610ac557829003601f168201915b505050505081565b6000816000803373ffffffffffffffffffffffffffffffffffffffff1673ffffffffffffffffffffffffffffffffffffffff1681526020019081526020016000205410158015610b3a5750600082115b15610c4557816000803373ffffffffffffffffffffffffffffffffffffffff1673ffffffffffffffffffffffffffffffffffffffff16815260200190815260200160002060008282540392505081905550816000808573ffffffffffffffffffffffffffffffffffffffff1673ffffffffffffffffffffffffffffffffffffffff168152602001908152602001600020600082825401925050819055508273ffffffffffffffffffffffffffffffffffffffff163373ffffffffffffffffffffffffffffffffffffffff167fddf252ad1be2c89b69c2b068fc378daa952ba7f163c4a11628f55a4df523b3ef846040518082815260200191505060405180910390a360019050610c4a565b600090505b92915050565b600082600160003373ffffffffffffffffffffffffffffffffffffffff1673ffffffffffffffffffffffffffffffffffffffff16815260200190815260200160002060008673ffffffffffffffffffffffffffffffffffffffff1673ffffffffffffffffffffffffffffffffffffffff168152602001908152602001600020819055508373ffffffffffffffffffffffffffffffffffffffff163373ffffffffffffffffffffffffffffffffffffffff167f8c5be1e5ebec7d5bd14f71427d1e84f3dd0314c0f7b2291e5b200ac8c7c3b925856040518082815260200191505060405180910390a38373ffffffffffffffffffffffffffffffffffffffff1660405180807f72656365697665417070726f76616c28616464726573732c75696e743235362c81526020017f616464726573732c627974657329000000000000000000000000000000000000815250602e01905060405180910390207c01000000000000000000000000000000000000000000000000000000009004338530866040518563ffffffff167c0100000000000000000000000000000000000000000000000000000000028152600401808573ffffffffffffffffffffffffffffffffffffffff1673ffffffffffffffffffffffffffffffffffffffff1681526020018481526020018373ffffffffffffffffffffffffffffffffffffffff1673ffffffffffffffffffffffffffffffffffffffff168152602001828051906020019080838360005b83811015610e91578082015181840152602081019050610e76565b50505050905090810190601f168015610ebe5780820380516001836020036101000a031916815260200191505b5094505050505060006040518083038160008761646e5a03f1925050501515610ee657600080fd5b600190509392505050565b6000600160008473ffffffffffffffffffffffffffffffffffffffff1673ffffffffffffffffffffffffffffffffffffffff16815260200190815260200160002060008373ffffffffffffffffffffffffffffffffffffffff1673ffffffffffffffffffffffffffffffffffffffff168152602001908152602001600020549050929150505600a165627a7a7230582099f907a3a22be3a0927336ba5ddddd21af9702f26baaa7ce72a1d9a8631f88950029,6060604052600436106100af576000357c0100000000000000000000000000000000000000000000000000000000900463ffffffff16806306fdde03146100bf578063095ea7b31461014d57806318160ddd146101a757806323b872dd146101d0578063313ce5671461024957806354fd4d501461027857806370a082311461030657806395d89b4114610353578063a9059cbb146103e1578063cae9ca511461043b578063dd62ed3e146104d8575b34156100ba57600080fd5b600080fd5b34156100ca57600080fd5b6100d2610544565b6040518080602001828103825283818151815260200191508051906020019080838360005b838110156101125780820151818401526020810190506100f7565b50505050905090810190601f16801561013f5780820380516001836020036101000a031916815260200191505b509250505060405180910390f35b341561015857600080fd5b61018d600480803573ffffffffffffffffffffffffffffffffffffffff169060200190919080359060200190919050506105e2565b604051808215151515815260200191505060405180910390f35b34156101b257600080fd5b6101ba6106d4565b6040518082815260200191505060405180910390f35b34156101db57600080fd5b61022f600480803573ffffffffffffffffffffffffffffffffffffffff1690602001909190803573ffffffffffffffffffffffffffffffffffffffff169060200190919080359060200190919050506106da565b604051808215151515815260200191505060405180910390f35b341561025457600080fd5b61025c610953565b604051808260ff1660ff16815260200191505060405180910390f35b341561028357600080fd5b61028b610966565b6040518080602001828103825283818151815260200191508051906020019080838360005b838110156102cb5780820151818401526020810190506102b0565b50505050905090810190601f1680156102f85780820380516001836020036101000a031916815260200191505b509250505060405180910390f35b341561031157600080fd5b61033d600480803573ffffffffffffffffffffffffffffffffffffffff16906020019091905050610a04565b6040518082815260200191505060405180910390f35b341561035e57600080fd5b610366610a4c565b6040518080602001828103825283818151815260200191508051906020019080838360005b838110156103a657808201518184015260208101905061038b565b50505050905090810190601f1680156103d35780820380516001836020036101000a031916815260200191505b509250505060405180910390f35b34156103ec57600080fd5b610421600480803573ffffffffffffffffffffffffffffffffffffffff16906020019091908035906020019091905050610aea565b604051808215151515815260200191505060405180910390f35b341561044657600080fd5b6104be600480803573ffffffffffffffffffffffffffffffffffffffff1690602001909190803590602001909190803590602001908201803590602001908080601f01602080910402602001604051908101604052809392919081815260200183838082843782019150505050505091905050610c50565b604051808215151515815260200191505060405180910390f35b34156104e357600080fd5b61052e600480803573ffffffffffffffffffffffffffffffffffffffff1690602001909190803573ffffffffffffffffffffffffffffffffffffffff16906020019091905050610ef1565b6040518082815260200191505060405180910390f35b60038054600181600116156101000203166002900480601f0160208091040260200160405190810160405280929190818152602001828054600181600116156101000203166002900480156105da5780601f106105af576101008083540402835291602001916105da565b820191906000526020600020905b8154815290600101906020018083116105bd57829003601f168201915b505050505081565b600081600160003373ffffffffffffffffffffffffffffffffffffffff1673ffffffffffffffffffffffffffffffffffffffff16815260200190815260200160002060008573ffffffffffffffffffffffffffffffffffffffff1673ffffffffffffffffffffffffffffffffffffffff168152602001908152602001600020819055508273ffffffffffffffffffffffffffffffffffffffff163373ffffffffffffffffffffffffffffffffffffffff167f8c5be1e5ebec7d5bd14f71427d1e84f3dd0314c0f7b2291e5b200ac8c7c3b925846040518082815260200191505060405180910390a36001905092915050565b60025481565b6000816000808673ffffffffffffffffffffffffffffffffffffffff1673ffffffffffffffffffffffffffffffffffffffff16815260200190815260200160002054101580156107a6575081600160008673ffffffffffffffffffffffffffffffffffffffff1673ffffffffffffffffffffffffffffffffffffffff16815260200190815260200160002060003373ffffffffffffffffffffffffffffffffffffffff1673ffffffffffffffffffffffffffffffffffffffff1681526020019081526020016000205410155b80156107b25750600082115b1561094757816000808573ffffffffffffffffffffffffffffffffffffffff1673ffffffffffffffffffffffffffffffffffffffff16815260200190815260200160002060008282540192505081905550816000808673ffffffffffffffffffffffffffffffffffffffff1673ffffffffffffffffffffffffffffffffffffffff1681526020019081526020016000206000828254039250508190555081600160008673ffffffffffffffffffffffffffffffffffffffff1673ffffffffffffffffffffffffffffffffffffffff16815260200190815260200160002060003373ffffffffffffffffffffffffffffffffffffffff1673ffffffffffffffffffffffffffffffffffffffff168152602001908152602001600020600082825403925050819055508273ffffffffffffffffffffffffffffffffffffffff168473ffffffffffffffffffffffffffffffffffffffff167fddf252ad1be2c89b69c2b068fc378daa952ba7f163c4a11628f55a4df523b3ef846040518082815260200191505060405180910390a36001905061094c565b600090505b9392505050565b600460009054906101000a900460ff1681565b60068054600181600116156101000203166002900480601f0160208091040260200160405190810160405280929190818152602001828054600181600116156101000203166002900480156109fc5780601f106109d1576101008083540402835291602001916109fc565b820191906000526020600020905b8154815290600101906020018083116109df57829003601f168201915b505050505081565b60008060008373ffffffffffffffffffffffffffffffffffffffff1673ffffffffffffffffffffffffffffffffffffffff168152602001908152602001600020549050919050565b60058054600181600116156101000203166002900480601f016020809104026020016040519081016040528092919081815260200182805460018160011615610100020316600290048015610ae25780601f10610ab757610100808354040283529160200191610ae2565b820191906000526020600020905b815481529060010190602001808311610ac557829003601f168201915b505050505081565b6000816000803373ffffffffffffffffffffffffffffffffffffffff1673ffffffffffffffffffffffffffffffffffffffff1681526020019081526020016000205410158015610b3a5750600082115b15610c4557816000803373ffffffffffffffffffffffffffffffffffffffff1673ffffffffffffffffffffffffffffffffffffffff16815260200190815260200160002060008282540392505081905550816000808573ffffffffffffffffffffffffffffffffffffffff1673ffffffffffffffffffffffffffffffffffffffff168152602001908152602001600020600082825401925050819055508273ffffffffffffffffffffffffffffffffffffffff163373ffffffffffffffffffffffffffffffffffffffff167fddf252ad1be2c89b69c2b068fc378daa952ba7f163c4a11628f55a4df523b3ef846040518082815260200191505060405180910390a360019050610c4a565b600090505b92915050565b600082600160003373ffffffffffffffffffffffffffffffffffffffff1673ffffffffffffffffffffffffffffffffffffffff16815260200190815260200160002060008673ffffffffffffffffffffffffffffffffffffffff1673ffffffffffffffffffffffffffffffffffffffff168152602001908152602001600020819055508373ffffffffffffffffffffffffffffffffffffffff163373ffffffffffffffffffffffffffffffffffffffff167f8c5be1e5ebec7d5bd14f71427d1e84f3dd0314c0f7b2291e5b200ac8c7c3b925856040518082815260200191505060405180910390a38373ffffffffffffffffffffffffffffffffffffffff1660405180807f72656365697665417070726f76616c28616464726573732c75696e743235362c81526020017f616464726573732c627974657329000000000000000000000000000000000000815250602e01905060405180910390207c01000000000000000000000000000000000000000000000000000000009004338530866040518563ffffffff167c0100000000000000000000000000000000000000000000000000000000028152600401808573ffffffffffffffffffffffffffffffffffffffff1673ffffffffffffffffffffffffffffffffffffffff1681526020018481526020018373ffffffffffffffffffffffffffffffffffffffff1673ffffffffffffffffffffffffffffffffffffffff168152602001828051906020019080838360005b83811015610e91578082015181840152602081019050610e76565b50505050905090810190601f168015610ebe5780820380516001836020036101000a031916815260200191505b5094505050505060006040518083038160008761646e5a03f1925050501515610ee657600080fd5b600190509392505050565b6000600160008473ffffffffffffffffffffffffffffffffffffffff1673ffffffffffffffffffffffffffffffffffffffff16815260200190815260200160002060008373ffffffffffffffffffffffffffffffffffffffff1673ffffffffffffffffffffffffffffffffffffffff168152602001908152602001600020549050929150505600a165627a7a7230582099f907a3a22be3a0927336ba5ddddd21af9702f26baaa7ce72a1d9a8631f88950029
