0x229bdede3fa7ae8a113065d57978d0e16d887e02,ropsten
